   0.200000       0.00000       0.00000       0.00000       0.00000       0.00000    
   0.400000      0.116111       0.00000      0.637811E-01  0.696669E-01  0.464446E-01
   0.600000      0.116111       0.00000      0.637811E-01  0.696669E-01  0.464446E-01
   0.800000      0.211851E-02   0.00000      0.318487E-03  0.211851E-02   0.00000    
    1.00000      0.211851E-02   0.00000      0.318487E-03  0.211851E-02   0.00000    
    1.20000      0.211851E-02   0.00000      0.318487E-03  0.211851E-02   0.00000    
    1.40000      0.211851E-02   0.00000      0.318487E-03  0.211851E-02   0.00000    
    1.60000      0.211851E-02   0.00000      0.318487E-03  0.211851E-02   0.00000    
    1.80000       0.00000       0.00000       0.00000       0.00000       0.00000    
    2.00000       0.00000       0.00000       0.00000       0.00000       0.00000    
    2.20000       1.91988      0.144569E-01   1.07427      0.850069      0.974399    
    2.40000       2.58347      0.318233E-01   1.47951       1.18614       1.22664    
    2.60000       2.45343      0.231456E-01   1.31395       1.07049       1.23251    
    2.80000       2.15826      0.260380E-01   1.12842       1.05599      0.966299    
    3.00000       1.93561      0.347195E-01   1.01150      0.989506      0.824588    
    3.20000       1.78781      0.260361E-01  0.881734      0.836049      0.844727    
    3.40000       1.63747      0.260375E-01  0.787554      0.804269      0.720370    
    3.60000       1.46900      0.260256E-01  0.670114      0.725827      0.641966    
    3.80000       1.26982       0.00000      0.575112      0.613214      0.592966    
    4.00000       1.12828       0.00000      0.507863      0.535208      0.546780    
    4.20000      0.980292       0.00000      0.461556      0.465566      0.468458    
    4.40000      0.899734       0.00000      0.415249      0.431062      0.433955    
    4.60000      0.760435       0.00000      0.350099      0.344075      0.381663    
    4.80000      0.668307       0.00000      0.304815      0.283524      0.361638    
    5.00000      0.636459       0.00000      0.273126      0.289299      0.324015    
    5.20000      0.610032       0.00000      0.247307      0.239965      0.346938    
    5.40000      0.499972       0.00000      0.212371      0.205191      0.289001    
    5.60000      0.470952       0.00000      0.189471      0.219585      0.245588    
    5.80000      0.462489       0.00000      0.176956      0.237025      0.219682    
    6.00000      0.461974       0.00000      0.163072      0.230987      0.225212    
    6.20000      0.351966       0.00000      0.127329      0.210602      0.135593    
    6.40000      0.320366       0.00000      0.115804      0.216463      0.103902    
    6.60000      0.283198       0.00000      0.106939      0.187835      0.953625E-01
    6.80000      0.271271       0.00000      0.101887      0.170266      0.101005    
    7.00000      0.242063      0.864511E-02  0.966075E-01  0.141203      0.922145E-01
    7.20000      0.236214       0.00000      0.938339E-01  0.146914      0.893006E-01
    7.40000      0.236320       0.00000      0.898048E-01  0.135452      0.100868    
    7.60000      0.219251       0.00000      0.810435E-01  0.118280      0.100971    
    7.80000      0.178918       0.00000      0.629426E-01  0.721445E-01  0.106774    
    8.00000      0.196354       0.00000      0.615329E-01  0.721891E-01  0.124165    
    8.20000      0.170051       0.00000      0.515799E-01  0.720556E-01  0.979956E-01
    8.40000      0.138582       0.00000      0.450371E-01  0.577423E-01  0.808393E-01
    8.60000      0.129845       0.00000      0.452529E-01  0.519381E-01  0.779072E-01
    8.80000      0.121300       0.00000      0.407660E-01  0.433214E-01  0.779784E-01
    9.00000      0.954536E-01   0.00000      0.389697E-01  0.260328E-01  0.694208E-01
    9.20000      0.104065       0.00000      0.417300E-01  0.260163E-01  0.780489E-01
    9.40000      0.865007E-01   0.00000      0.374391E-01  0.259502E-01  0.605505E-01
    9.60000      0.605482E-01   0.00000      0.328927E-01  0.259492E-01  0.345990E-01
    9.80000      0.518461E-01   0.00000      0.308108E-01  0.172820E-01  0.345641E-01
    10.0000      0.430255E-01   0.00000      0.293706E-01  0.860509E-02  0.344204E-01
    10.2000      0.430422E-01   0.00000      0.229543E-01  0.860844E-02  0.344338E-01
    10.4000      0.518905E-01   0.00000      0.217031E-01  0.864841E-02  0.432420E-01
    10.6000      0.431720E-01   0.00000      0.195072E-01  0.863440E-02  0.345376E-01
    10.8000      0.432236E-01   0.00000      0.193540E-01  0.864472E-02  0.345789E-01
    11.0000      0.433043E-01   0.00000      0.203082E-01  0.866087E-02  0.346435E-01
    11.2000      0.520418E-01   0.00000      0.184702E-01  0.173473E-01  0.346946E-01
    11.4000      0.433839E-01   0.00000      0.144083E-01  0.173536E-01  0.260303E-01
    11.6000      0.433488E-01   0.00000      0.134553E-01  0.173395E-01  0.260093E-01
    11.8000      0.519291E-01   0.00000      0.144575E-01  0.173097E-01  0.346194E-01
    12.0000      0.432776E-01   0.00000      0.122422E-01  0.173110E-01  0.259666E-01
    12.2000      0.520338E-01   0.00000      0.131008E-01  0.260169E-01  0.260169E-01
    12.4000      0.774693E-01   0.00000      0.164628E-01  0.430385E-01  0.344308E-01
    12.6000      0.774962E-01   0.00000      0.163034E-01  0.516642E-01  0.258321E-01
    12.8000      0.689365E-01   0.00000      0.179501E-01  0.430853E-01  0.258512E-01
    13.0000      0.690430E-01   0.00000      0.153322E-01  0.431519E-01  0.258911E-01
    13.2000      0.690692E-01   0.00000      0.145830E-01  0.431682E-01  0.259009E-01
    13.4000      0.430200E-01   0.00000      0.101082E-01  0.172080E-01  0.258120E-01
    13.6000      0.431319E-01   0.00000      0.115897E-01  0.172527E-01  0.258791E-01
    13.8000      0.430625E-01   0.00000      0.108805E-01  0.172250E-01  0.258375E-01
    14.0000      0.431522E-01   0.00000      0.107585E-01  0.172609E-01  0.258913E-01
    14.2000      0.260051E-01   0.00000      0.840646E-02  0.173367E-01  0.866836E-02
    14.4000      0.260130E-01   0.00000      0.785530E-02  0.173420E-01  0.867100E-02
    14.6000      0.172969E-01   0.00000      0.654856E-02  0.864845E-02  0.864845E-02
    14.8000      0.259161E-01   0.00000      0.739402E-02  0.863870E-02  0.172774E-01
    15.0000      0.259403E-01   0.00000      0.606539E-02  0.864678E-02  0.172936E-01
    15.2000      0.259191E-01   0.00000      0.631466E-02  0.863970E-02  0.172794E-01
    15.4000      0.259191E-01   0.00000      0.631466E-02  0.863970E-02  0.172794E-01
    15.6000      0.173209E-01   0.00000      0.500193E-02  0.866044E-02  0.866044E-02
    15.8000      0.260060E-01   0.00000      0.636043E-02  0.866868E-02  0.173374E-01
    16.0000      0.259765E-01   0.00000      0.608564E-02  0.865882E-02  0.173176E-01
    16.2000      0.259762E-01   0.00000      0.578477E-02  0.865872E-02  0.173174E-01
    16.4000      0.260218E-01   0.00000      0.573437E-02  0.867394E-02  0.173479E-01
    16.6000      0.260113E-01   0.00000      0.620912E-02  0.867044E-02  0.173409E-01
    16.8000      0.260261E-01   0.00000      0.596224E-02  0.867538E-02  0.173508E-01
    17.0000      0.260204E-01   0.00000      0.555618E-02  0.867348E-02  0.173470E-01
    17.2000      0.260204E-01   0.00000      0.555618E-02  0.867348E-02  0.173470E-01
    17.4000      0.855616E-02   0.00000      0.280414E-02   0.00000      0.855616E-02
    17.6000       0.00000       0.00000      0.153359E-02   0.00000       0.00000    
    17.8000      0.861280E-02   0.00000      0.365039E-02   0.00000      0.861280E-02
    18.0000      0.861280E-02   0.00000      0.365039E-02   0.00000      0.861280E-02
    18.2000      0.861280E-02   0.00000      0.365039E-02   0.00000      0.861280E-02
    18.4000      0.171552E-01   0.00000      0.468618E-02   0.00000      0.171552E-01
    18.6000      0.168929E-01   0.00000      0.379783E-02   0.00000      0.168929E-01
    18.8000      0.168929E-01   0.00000      0.379783E-02   0.00000      0.168929E-01
    19.0000      0.167080E-01   0.00000      0.350111E-02   0.00000      0.167080E-01
    19.2000      0.167036E-01   0.00000      0.371887E-02   0.00000      0.167036E-01
    19.4000      0.167406E-01   0.00000      0.348297E-02   0.00000      0.167406E-01
    19.6000      0.167406E-01   0.00000      0.348297E-02   0.00000      0.167406E-01
    19.8000      0.167406E-01   0.00000      0.348297E-02   0.00000      0.167406E-01
    20.0000      0.255105E-01   0.00000      0.500869E-02  0.850352E-02  0.170070E-01
    20.2000      0.256690E-01   0.00000      0.473336E-02  0.855634E-02  0.171127E-01
    20.4000      0.256690E-01   0.00000      0.473336E-02  0.855634E-02  0.171127E-01
    20.6000      0.171646E-01   0.00000      0.344319E-02  0.858232E-02  0.858232E-02
    20.8000      0.171646E-01   0.00000      0.344319E-02  0.858232E-02  0.858232E-02
    21.0000      0.171377E-01   0.00000      0.320121E-02  0.856884E-02  0.856884E-02
    21.2000      0.171377E-01   0.00000      0.320121E-02  0.856884E-02  0.856884E-02
    21.4000      0.171377E-01   0.00000      0.320121E-02  0.856884E-02  0.856884E-02
    21.6000      0.854130E-02   0.00000      0.190243E-02  0.854130E-02   0.00000    
    21.8000      0.854130E-02   0.00000      0.190243E-02  0.854130E-02   0.00000    
    22.0000      0.849855E-02   0.00000      0.148836E-02  0.849855E-02   0.00000    
    22.2000      0.849855E-02   0.00000      0.148836E-02  0.849855E-02   0.00000    
    22.4000      0.849855E-02   0.00000      0.148836E-02  0.849855E-02   0.00000    
    22.6000      0.849855E-02   0.00000      0.148836E-02  0.849855E-02   0.00000    
    22.8000      0.849855E-02   0.00000      0.148836E-02  0.849855E-02   0.00000    
    23.0000      0.849855E-02   0.00000      0.148836E-02  0.849855E-02   0.00000    
    23.2000      0.849855E-02   0.00000      0.148836E-02  0.849855E-02   0.00000    
    23.4000      0.857363E-02   0.00000      0.174225E-02  0.857363E-02   0.00000    
    23.6000      0.173019E-01   0.00000      0.307829E-02  0.865094E-02  0.865094E-02
    23.8000      0.173019E-01   0.00000      0.307829E-02  0.865094E-02  0.865094E-02
    24.0000      0.173019E-01   0.00000      0.307829E-02  0.865094E-02  0.865094E-02
    24.2000      0.173019E-01   0.00000      0.307829E-02  0.865094E-02  0.865094E-02
    24.4000      0.343820E-01   0.00000      0.567984E-02  0.257865E-01  0.859550E-02
    24.6000      0.343394E-01   0.00000      0.546420E-02  0.257545E-01  0.858484E-02
    24.8000      0.342320E-01   0.00000      0.520344E-02  0.256740E-01  0.855801E-02
    25.0000      0.342320E-01   0.00000      0.520344E-02  0.256740E-01  0.855801E-02
    25.2000      0.252353E-01   0.00000      0.379377E-02  0.252353E-01   0.00000    
    25.4000      0.252353E-01   0.00000      0.379377E-02  0.252353E-01   0.00000    
    25.6000      0.841175E-02   0.00000      0.126459E-02  0.841175E-02   0.00000    
    25.8000       0.00000       0.00000       0.00000       0.00000       0.00000    
    26.0000       0.00000       0.00000       0.00000       0.00000       0.00000    
    26.2000       0.00000       0.00000       0.00000       0.00000       0.00000    
    26.4000       0.00000       0.00000       0.00000       0.00000       0.00000    
    26.6000       0.00000       0.00000       0.00000       0.00000       0.00000    
    26.8000       0.00000       0.00000       0.00000       0.00000       0.00000    
    27.0000       0.00000       0.00000       0.00000       0.00000       0.00000    
    27.2000       0.00000       0.00000       0.00000       0.00000       0.00000    
    27.4000       0.00000       0.00000       0.00000       0.00000       0.00000    
    27.6000       0.00000       0.00000       0.00000       0.00000       0.00000    
    27.8000       0.00000       0.00000       0.00000       0.00000       0.00000    
    28.0000       0.00000       0.00000       0.00000       0.00000       0.00000    
    28.2000       0.00000       0.00000       0.00000       0.00000       0.00000    
    28.4000       0.00000       0.00000       0.00000       0.00000       0.00000    
    28.6000       0.00000       0.00000       0.00000       0.00000       0.00000    
    28.8000       0.00000       0.00000       0.00000       0.00000       0.00000    
    29.0000       0.00000       0.00000       0.00000       0.00000       0.00000    
    29.2000       0.00000       0.00000       0.00000       0.00000       0.00000    
    29.4000       0.00000       0.00000       0.00000       0.00000       0.00000    
    29.6000       0.00000       0.00000       0.00000       0.00000       0.00000    
    29.8000       0.00000       0.00000       0.00000       0.00000       0.00000    
    30.0000       0.00000       0.00000       0.00000       0.00000       0.00000    
    30.2000       0.00000       0.00000       0.00000       0.00000       0.00000    
    30.4000       0.00000       0.00000       0.00000       0.00000       0.00000    
    30.6000       0.00000       0.00000       0.00000       0.00000       0.00000    
    30.8000       0.00000       0.00000       0.00000       0.00000       0.00000    
    31.0000       0.00000       0.00000       0.00000       0.00000       0.00000    
    31.2000       0.00000       0.00000       0.00000       0.00000       0.00000    
    31.4000       0.00000       0.00000       0.00000       0.00000       0.00000    
    31.6000       0.00000       0.00000       0.00000       0.00000       0.00000    
    31.8000       0.00000       0.00000       0.00000       0.00000       0.00000    
    32.0000       0.00000       0.00000       0.00000       0.00000       0.00000    
    32.2000       0.00000       0.00000       0.00000       0.00000       0.00000    
    32.4000       0.00000       0.00000       0.00000       0.00000       0.00000    
    32.6000       0.00000       0.00000       0.00000       0.00000       0.00000    
    32.8000       0.00000       0.00000       0.00000       0.00000       0.00000    
    33.0000       0.00000       0.00000       0.00000       0.00000       0.00000    
    33.2000       0.00000       0.00000       0.00000       0.00000       0.00000    
    33.4000       0.00000       0.00000       0.00000       0.00000       0.00000    
    33.6000       0.00000       0.00000       0.00000       0.00000       0.00000    
    33.8000       0.00000       0.00000       0.00000       0.00000       0.00000    
    34.0000       0.00000       0.00000      0.203774E-03   0.00000       0.00000    
    34.2000       0.00000       0.00000      0.203774E-03   0.00000       0.00000    
    34.4000       0.00000       0.00000      0.203774E-03   0.00000       0.00000    
    34.6000       0.00000       0.00000      0.203774E-03   0.00000       0.00000    
    34.8000       0.00000       0.00000      0.203774E-03   0.00000       0.00000    
    35.0000       0.00000       0.00000      0.203774E-03   0.00000       0.00000    
    35.2000       0.00000       0.00000      0.203774E-03   0.00000       0.00000    
    35.4000       0.00000       0.00000      0.203774E-03   0.00000       0.00000    
    35.6000       0.00000       0.00000      0.203774E-03   0.00000       0.00000    
    35.8000       0.00000       0.00000      0.203774E-03   0.00000       0.00000    
    36.0000       0.00000       0.00000      0.203774E-03   0.00000       0.00000    
    36.2000       0.00000       0.00000      0.203774E-03   0.00000       0.00000    
    36.4000       0.00000       0.00000      0.203774E-03   0.00000       0.00000    
    36.6000       0.00000       0.00000      0.203774E-03   0.00000       0.00000    
    36.8000       0.00000       0.00000      0.203774E-03   0.00000       0.00000    
    37.0000       0.00000       0.00000      0.203774E-03   0.00000       0.00000    
    37.2000       0.00000       0.00000      0.203774E-03   0.00000       0.00000    
    37.4000       0.00000       0.00000      0.203774E-03   0.00000       0.00000    
    37.6000       0.00000       0.00000      0.203774E-03   0.00000       0.00000    
    37.8000       0.00000       0.00000      0.611321E-03   0.00000       0.00000    
    38.0000       0.00000       0.00000      0.611321E-03   0.00000       0.00000    
    38.2000       0.00000       0.00000      0.611321E-03   0.00000       0.00000    
    38.4000       0.00000       0.00000      0.611321E-03   0.00000       0.00000    
    38.6000       0.00000       0.00000      0.611321E-03   0.00000       0.00000    
    38.8000       0.00000       0.00000      0.611321E-03   0.00000       0.00000    
    39.0000       0.00000       0.00000      0.611321E-03   0.00000       0.00000    
    39.2000       0.00000       0.00000      0.611321E-03   0.00000       0.00000    
    39.4000       0.00000       0.00000      0.611321E-03   0.00000       0.00000    
    39.6000       0.00000       0.00000      0.611321E-03   0.00000       0.00000    
    39.8000       0.00000       0.00000      0.611321E-03   0.00000       0.00000    
    40.0000       0.00000       0.00000      0.203774E-03   0.00000       0.00000    
    40.2000       0.00000       0.00000      0.203774E-03   0.00000       0.00000    
    40.4000       0.00000       0.00000      0.203774E-03   0.00000       0.00000    
    40.6000       0.00000       0.00000      0.203774E-03   0.00000       0.00000    
    40.8000       0.00000       0.00000      0.203774E-03   0.00000       0.00000    
    41.0000       0.00000       0.00000      0.203774E-03   0.00000       0.00000    
    41.2000       0.00000       0.00000      0.203774E-03   0.00000       0.00000    
    41.4000       0.00000       0.00000       0.00000       0.00000       0.00000    
    41.6000       0.00000       0.00000       0.00000       0.00000       0.00000    
    41.8000       0.00000       0.00000       0.00000       0.00000       0.00000    
    42.0000       0.00000       0.00000       0.00000       0.00000       0.00000    
    42.2000       0.00000       0.00000       0.00000       0.00000       0.00000    
    42.4000       0.00000       0.00000       0.00000       0.00000       0.00000    
    42.6000       0.00000       0.00000       0.00000       0.00000       0.00000    
    42.8000       0.00000       0.00000       0.00000       0.00000       0.00000    
    43.0000       0.00000       0.00000       0.00000       0.00000       0.00000    
    43.2000       0.00000       0.00000       0.00000       0.00000       0.00000    
    43.4000       0.00000       0.00000       0.00000       0.00000       0.00000    
    43.6000       0.00000       0.00000       0.00000       0.00000       0.00000    
    43.8000       0.00000       0.00000       0.00000       0.00000       0.00000    
    44.0000       0.00000       0.00000       0.00000       0.00000       0.00000    
    44.2000       0.00000       0.00000       0.00000       0.00000       0.00000    
    44.4000       0.00000       0.00000       0.00000       0.00000       0.00000    
    44.6000       0.00000       0.00000       0.00000       0.00000       0.00000    
    44.8000       0.00000       0.00000       0.00000       0.00000       0.00000    
    45.0000       0.00000       0.00000       0.00000       0.00000       0.00000    
    45.2000       0.00000       0.00000       0.00000       0.00000       0.00000    
    45.4000       0.00000       0.00000       0.00000       0.00000       0.00000    
    45.6000       0.00000       0.00000       0.00000       0.00000       0.00000    
    45.8000       0.00000       0.00000       0.00000       0.00000       0.00000    
    46.0000       0.00000       0.00000       0.00000       0.00000       0.00000    
    46.2000       0.00000       0.00000       0.00000       0.00000       0.00000    
    46.4000       0.00000       0.00000       0.00000       0.00000       0.00000    
    46.6000       0.00000       0.00000      0.191947E-03   0.00000       0.00000    
    46.8000       0.00000       0.00000      0.191947E-03   0.00000       0.00000    
    47.0000       0.00000       0.00000      0.191947E-03   0.00000       0.00000    
    47.2000       0.00000       0.00000      0.191947E-03   0.00000       0.00000    
    47.4000       0.00000       0.00000      0.191947E-03   0.00000       0.00000    
    47.6000       0.00000       0.00000      0.191947E-03   0.00000       0.00000    
    47.8000       0.00000       0.00000       0.00000       0.00000       0.00000    
    48.0000       0.00000       0.00000       0.00000       0.00000       0.00000    
    48.2000       0.00000       0.00000       0.00000       0.00000       0.00000    
    48.4000       0.00000       0.00000       0.00000       0.00000       0.00000    
    48.6000       0.00000       0.00000       0.00000       0.00000       0.00000    
    48.8000       0.00000       0.00000       0.00000       0.00000       0.00000    
    49.0000       0.00000       0.00000       0.00000       0.00000       0.00000    
    49.2000       0.00000       0.00000       0.00000       0.00000       0.00000    
    49.4000       0.00000       0.00000       0.00000       0.00000       0.00000    
    49.6000       0.00000       0.00000       0.00000       0.00000       0.00000    
    49.8000       0.00000       0.00000       0.00000       0.00000       0.00000    
    50.0000       0.00000       0.00000       0.00000       0.00000       0.00000    
