     0.0913    0.0008    0.0000    0.0004    0.0000    0.0001
     0.1123    0.0164    0.0000    0.0151    0.0006    0.0001
     0.1335    0.0445    0.0023    0.0373    0.0015    0.0002
     0.1549    0.1664    0.0094    0.1206    0.0056    0.0008
     0.1766    0.4352    0.0242    0.2776    0.0148   -0.0013
     0.1986    0.8320    0.0500    0.4999    0.0283   -0.0045
     0.2208    1.2070    0.1242    0.7254    0.0393   -0.0030
     0.2433    1.5906    0.2016    0.9398    0.0505   -0.0056
     0.2660    1.8906    0.3148    1.1309    0.0573   -0.0053
     0.2890    2.1133    0.3992    1.2740    0.0620   -0.0062
     0.3123    2.2719    0.4734    1.3808    0.0651   -0.0076
     0.3359    2.3891    0.5531    1.4757    0.0666   -0.0094
     0.3597    2.5086    0.6062    1.5550    0.0690   -0.0097
     0.3839    2.6023    0.6758    1.6190    0.0699   -0.0114
     0.4084    2.6562    0.7305    1.6649    0.0700   -0.0100
     0.4332    2.7188    0.7586    1.7012    0.0713   -0.0113
     0.4583    2.7492    0.7984    1.7280    0.0709   -0.0137
     0.4837    2.8055    0.8180    1.7615    0.0722   -0.0144
     0.5095    2.8352    0.8539    1.7900    0.0720   -0.0152
     0.5357    2.8727    0.8828    1.8178    0.0723   -0.0166
     0.5622    2.9023    0.8984    1.8323    0.0727   -0.0161
     0.5891    2.9336    0.9383    1.8597    0.0727   -0.0175
     0.6164    2.9633    0.9500    1.8812    0.0729   -0.0151
     0.6440    2.9570    0.9867    1.8886    0.0719   -0.0155
     0.6721    2.9734    1.0063    1.8980    0.0717   -0.0162
     0.7006    3.0227    1.0234    1.9273    0.0726   -0.0150
     0.7295    3.0211    1.0312    1.9261    0.0723   -0.0148
     0.7589    3.0367    1.0445    1.9351    0.0723   -0.0148
     0.7887    3.0430    1.0578    1.9370    0.0721   -0.0136
     0.8190    3.0625    1.0703    1.9549    0.0722   -0.0134
     0.8498    3.0531    1.0852    1.9527    0.0714   -0.0117
     0.8810    3.0508    1.0867    1.9463    0.0715   -0.0090
     0.9128    3.0297    1.0883    1.9309    0.0712   -0.0105
     0.9452    3.0641    1.1016    1.9487    0.0711   -0.0096
     0.9781    3.0984    1.1102    1.9644    0.0720   -0.0090
     1.0115    3.0977    1.1242    1.9631    0.0717   -0.0094
     1.0456    3.0914    1.1414    1.9580    0.0708   -0.0096
     1.0803    3.0984    1.1508    1.9698    0.0705   -0.0107
     1.1156    3.0758    1.1742    1.9608    0.0693   -0.0113
     1.1516    3.0953    1.1789    1.9707    0.0697   -0.0107
     1.1882    3.1000    1.1687    1.9699    0.0702   -0.0088
     1.2256    3.0938    1.1727    1.9603    0.0694   -0.0097
     1.2637    3.0812    1.1812    1.9571    0.0689   -0.0103
     1.3026    3.0508    1.2078    1.9417    0.0670   -0.0074
     1.3423    3.0352    1.1938    1.9260    0.0667   -0.0099
     1.3828    3.0242    1.2000    1.9199    0.0659   -0.0112
     1.4243    2.9977    1.2133    1.9059    0.0647   -0.0113
     1.4666    2.9742    1.2070    1.8963    0.0638   -0.0092
     1.5099    2.9594    1.2000    1.8862    0.0633   -0.0105
     1.5541    2.9352    1.1914    1.8745    0.0628   -0.0095
     1.5994    2.8977    1.1859    1.8547    0.0618   -0.0101
     1.6459    2.8445    1.1781    1.8251    0.0601   -0.0114
     1.6934    2.7961    1.1617    1.7914    0.0587   -0.0098
     1.7422    2.7320    1.1641    1.7647    0.0567   -0.0103
     1.7922    2.6695    1.1711    1.7293    0.0546   -0.0099
     1.8436    2.6164    1.1531    1.6953    0.0532   -0.0099
     1.8964    2.5180    1.1266    1.6362    0.0507   -0.0084
     1.9506    2.4594    1.1125    1.6163    0.0490   -0.0090
     2.0065    2.3992    1.0914    1.5768    0.0473   -0.0083
