  0.0500000007  8.21249962  5.8499999  2.36249995
  0.150000006  33.8125  22.8250008  10.9875002
  0.25  53.4749985  35.375  18.1000004
  0.349999994  62.875  40.9000015  21.9750004
  0.450000018  59.2374992  38.1875  21.0499992
  0.550000012  50.7125015  31.9249992  18.7875004
  0.650000036  38.9749985  24.5249996  14.4499998
  0.75  30.0874996  18.9874992  11.1000004
  0.850000024  21.4125004  13.5874996  7.82499981
  0.949999988  15.9375  10.375  5.5625
  1.05000007  9.64999962  6.4124999  3.23749995
  1.14999998  6.94999981  4.51249981  2.4375
  1.25  4.2874999  2.73749995  1.54999995
  1.35000002  2.8499999  1.89999998  0.949999988
  1.45000005  2.01250005  1.36249995  0.649999976
  1.55000007  1.25  0.8125  0.4375
  1.64999998  0.837499976  0.537500024  0.300000012
  1.75  0.487500012  0.324999988  0.162499994
  1.85000002  0.375  0.287499994  0.0874999985
  1.95000005  0.237499997  0.212500006  0.0250000004
