  0.25  335.087494  195.587494  139.5
  0.75  41.7750015  39.2750015  2.5
  1.25  12.0874996  11.9750004  0.112499997
  1.75  5.82499981  5.7750001  0.0500000007
  2.25  3.5250001  3.5250001  0.
  2.75  1.98749995  1.98749995  0.
  3.25  1.27499998  1.27499998  0.
  3.75  0.837499976  0.837499976  0.
  4.25  0.524999976  0.524999976  0.
  4.75  0.337500006  0.337500006  0.
  5.25  0.224999994  0.224999994  0.
  5.75  0.174999997  0.174999997  0.
  6.25  0.100000001  0.100000001  0.
  6.75  0.0625  0.0625  0.
  7.25  0.0375000015  0.0375000015  0.
  7.75  0.0500000007  0.0500000007  0.
  8.25  0.0375000015  0.0375000015  0.
  8.75  0.0375000015  0.0375000015  0.
  9.25  0.0375000015  0.0375000015  0.
  9.75  0.0125000002  0.0125000002  0.
